-32207
-376
-1872
-1263
-353
-1613
-1970
-31596
-31155
-32605
-31104
-31141
-30935
-30979
-31834
-31983
-31998
-31977
-31973
-32603
-32200
-369
-1864
-1264
-365
-1604
-1978
-427
-1418
-1739
-429
-1782
-1835
-32607
-31098
-31145
-30939
-30977
-31514
-31203
-31021
-31145
-31831
-440
-1113
-1632
-391
-1768
-1542
-32605
-32197
-371
-1866
-1249
-366
-1615
-1970
-401
-1726
-1094
-418
-1927
-1103
-417
-1884
-1607
-32605
-31093
-31138
-30931
-30987
-31728
-30906
-31054
-31831
-31841
-31844
-31841
-31852
-31851
-31854
-32608
-32203
-377
-1858
-1258
-360
-1615
-1973
-355
-1655
-1237
-431
-1042
-1508
-418
-1882
-1610
-32596
-31098
-31147
-30937
-30989
-31672
-31138
-31123
-31830
-31851
-31842
-31852
-31855
-31841
-31855
-32600
-32207
-372
-1867
-1252
-368
-1607
-1983
-385
-1307
-2047
-443
-1092
-1860
-32594
-31100
-31150
-30932
-30977
-31585
-31004
-31129
-30981
-31836
-432
-1582
-1436
-425
-1963
-1865
-32593
-32593
-31215
-30921
-31164
-31131
-31207
-30925
-31135
-31208
-30914
-31124
-31212
-30923
-31124
-32599
-31208
-30923
-31165
-31206
-30913
-31162
-31205
-30917
-31135
